Packet Relative_seconds USB_setup_and_optional_data
   9 15.523048 a1 21 00 00 00 00 07 00
  11 15.523199 a1 21 00 00 00 00 07 00
  15 15.523546 21 22 00 00 00 00 00 00
  19 15.527721 a1 21 00 00 00 00 07 00
  21 15.527866 a1 21 00 00 00 00 07 00
  23 15.528043 a1 21 00 00 00 00 07 00
  25 15.528185 a1 21 00 00 00 00 07 00
  27 15.528371 21 20 00 00 00 00 07 00 00 c2 01 00 00 00 08
  29 15.528513 a1 21 00 00 00 00 07 00
  31 15.528666 21 22 02 00 00 00 00 00
  33 15.528805 21 20 00 00 00 00 07 00 00 00 00 06 00 00 08
  35 15.528920 a1 21 00 00 00 00 07 00
  37 15.529065 a1 21 00 00 00 00 07 00
  39 15.529206 a1 21 00 00 00 00 07 00
  41 15.529351 21 20 00 00 00 00 07 00 00 c2 01 00 00 00 08
  43 15.529490 a1 21 00 00 00 00 07 00
  45 15.529630 21 22 03 00 00 00 00 00
  47 15.529743 21 20 00 00 00 00 07 00 00 00 00 06 00 00 08
  49 15.529849 a1 21 00 00 00 00 07 00
  51 15.529994 21 22 03 00 00 00 00 00
